[[5.02524, 0.67784, 4.0, 0.06106],
[5.01438, 0.91812, 4.0, 0.06013],
[5.00086, 1.15638, 4.0, 0.05966],
[4.98441, 1.39405, 4.0, 0.05956],
[4.96459, 1.63237, 3.53599, 0.06763],
[4.94077, 1.87247, 3.16025, 0.07635],
[4.91205, 2.11543, 2.79433, 0.08755],
[4.87733, 2.36207, 2.46755, 0.10094],
[4.83483, 2.61294, 2.18877, 0.11625],
[4.7825, 2.86754, 1.88612, 0.13781],
[4.71742, 3.12378, 1.88612, 0.14016],
[4.637, 3.3774, 1.88612, 0.14107],
[4.53837, 3.62308, 1.88612, 0.14036],
[4.41838, 3.85544, 1.88612, 0.13865],
[4.27346, 4.06914, 1.88612, 0.1369],
[4.09781, 4.25582, 2.08563, 0.1229],
[3.89893, 4.41869, 2.30142, 0.1117],
[3.68178, 4.56066, 2.48358, 0.10446],
[3.44938, 4.68342, 2.7526, 0.09548],
[3.20484, 4.78948, 2.9824, 0.08937],
[2.9502, 4.8804, 3.21248, 0.08417],
[2.68718, 4.95745, 3.43555, 0.07978],
[2.41729, 5.02169, 3.64349, 0.07615],
[2.1419, 5.07395, 3.82922, 0.0732],
[1.8623, 5.11488, 3.99136, 0.0708],
[1.57971, 5.14502, 4.0, 0.07105],
[1.29529, 5.16493, 4.0, 0.07128],
[1.01005, 5.17481, 4.0, 0.07135],
[0.72493, 5.17485, 4.0, 0.07128],
[0.44078, 5.16525, 4.0, 0.07108],
[0.15836, 5.14603, 4.0, 0.07077],
[-0.12159, 5.11719, 4.0, 0.07036],
[-0.39845, 5.07881, 3.80843, 0.07339],
[-0.67168, 5.03106, 3.52002, 0.0788],
[-0.94102, 4.97452, 3.20396, 0.0859],
[-1.20624, 4.90956, 2.90247, 0.09408],
[-1.46699, 4.83627, 2.60468, 0.10399],
[-1.72274, 4.75444, 2.55898, 0.10493],
[-1.97252, 4.66323, 2.43032, 0.10942],
[-2.21502, 4.56155, 2.1121, 0.1245],
[-2.44838, 4.44798, 1.85965, 0.13956],
[-2.6702, 4.32095, 1.6308, 0.15674],
[-2.87712, 4.17874, 1.52752, 0.16437],
[-3.06817, 4.02244, 1.52752, 0.16159],
[-3.24134, 3.85225, 1.52752, 0.15895],
[-3.39045, 3.66616, 1.52752, 0.15611],
[-3.50783, 3.46365, 1.44276, 0.16224],
[-3.583, 3.24671, 1.44276, 0.15914],
[-3.60975, 3.02317, 1.44276, 0.15604],
[-3.60558, 2.80022, 1.44276, 0.15456],
[-3.56804, 2.58099, 1.44276, 0.15417],
[-3.48889, 2.37112, 1.44276, 0.15546],
[-3.35894, 2.18151, 1.73214, 0.13271],
[-3.1942, 2.01219, 1.92478, 0.12274],
[-3.00103, 1.86329, 2.1482, 0.11353],
[-2.78457, 1.73396, 2.41119, 0.10458],
[-2.54918, 1.62265, 2.75338, 0.09457],
[-2.29897, 1.527, 3.24338, 0.08259],
[-2.03789, 1.44377, 4.0, 0.06851],
[-1.76993, 1.36881, 3.39936, 0.08185],
[-1.49854, 1.29809, 2.94522, 0.09522],
[-1.2311, 1.22691, 2.59659, 0.10658],
[-0.96685, 1.1523, 2.30944, 0.11889],
[-0.70795, 1.07202, 2.00917, 0.13491],
[-0.45653, 0.98396, 1.76404, 0.15102],
[-0.21529, 0.88565, 1.76404, 0.14767],
[0.01289, 0.77484, 1.65577, 0.1532],
[0.22489, 0.64962, 1.49199, 0.16503],
[0.41713, 0.50846, 1.3, 0.18346],
[0.58405, 0.34947, 1.3, 0.17732],
[0.7188, 0.17207, 1.3, 0.17136],
[0.82358, -0.01868, 1.3, 0.16741],
[0.89277, -0.22118, 1.3, 0.16462],
[0.91788, -0.43212, 1.3, 0.1634],
[0.88428, -0.64209, 1.44876, 0.14678],
[0.80423, -0.84101, 1.61262, 0.13296],
[0.68727, -1.02528, 1.7472, 0.12492],
[0.53876, -1.19296, 1.90851, 0.11737],
[0.36334, -1.34333, 2.06792, 0.11173],
[0.16436, -1.47593, 2.23404, 0.10703],
[-0.05539, -1.59052, 2.4353, 0.10177],
[-0.2931, -1.68744, 2.68571, 0.09558],
[-0.54583, -1.76775, 2.99509, 0.08854],
[-0.81074, -1.83308, 3.43672, 0.07939],
[-1.08486, -1.88594, 3.74259, 0.07459],
[-1.36598, -1.92853, 3.37493, 0.08425],
[-1.65196, -1.96349, 3.07015, 0.09384],
[-1.9411, -1.99296, 2.78398, 0.1044],
[-2.2259, -2.02971, 2.50562, 0.11461],
[-2.50482, -2.07578, 2.24768, 0.12577],
[-2.77623, -2.13296, 1.97598, 0.14037],
[-3.03839, -2.20284, 1.7522, 0.15484],
[-3.2894, -2.28686, 1.7522, 0.15107],
[-3.52697, -2.38646, 1.7522, 0.14702],
[-3.74812, -2.50324, 1.67217, 0.14956],
[-3.94909, -2.63867, 1.51896, 0.15955],
[-4.12414, -2.79441, 1.51896, 0.15425],
[-4.26615, -2.97047, 1.51896, 0.14892],
[-4.37712, -3.16083, 1.51896, 0.14506],
[-4.45724, -3.36172, 1.51896, 0.14238],
[-4.50185, -3.57048, 1.51896, 0.14054],
[-4.50348, -3.78233, 1.59681, 0.13268],
[-4.47003, -3.99169, 1.59681, 0.13278],
[-4.40149, -4.19442, 1.59681, 0.13402],
[-4.29715, -4.38581, 1.59681, 0.13651],
[-4.15423, -4.55897, 1.76799, 0.12699],
[-3.97979, -4.71204, 1.95895, 0.11847],
[-3.77934, -4.84477, 2.16316, 0.11114],
[-3.55716, -4.9576, 2.37631, 0.10487],
[-3.31662, -5.05123, 2.63184, 0.09807],
[-3.06094, -5.12696, 2.90575, 0.09177],
[-2.79281, -5.18623, 3.25854, 0.08427],
[-2.5149, -5.23109, 3.69807, 0.07612],
[-2.22959, -5.26386, 4.0, 0.0718],
[-1.93876, -5.28673, 4.0, 0.07293],
[-1.64385, -5.30162, 4.0, 0.07382],
[-1.3461, -5.31047, 4.0, 0.07447],
[-1.04646, -5.31496, 4.0, 0.07492],
[-0.74564, -5.31654, 4.0, 0.07521],
[-0.44421, -5.31632, 4.0, 0.07536],
[-0.14339, -5.31384, 4.0, 0.07521],
[0.15624, -5.30858, 4.0, 0.07492],
[0.45437, -5.30004, 4.0, 0.07457],
[0.75067, -5.28757, 4.0, 0.07414],
[1.04475, -5.2705, 4.0, 0.07364],
[1.33621, -5.24819, 3.61824, 0.08079],
[1.62466, -5.22002, 3.26947, 0.08865],
[1.90966, -5.18532, 2.94415, 0.09752],
[2.19068, -5.14334, 2.63574, 0.1078],
[2.46709, -5.09318, 2.33961, 0.12007],
[2.73787, -5.03344, 2.10643, 0.13164],
[3.0017, -4.96231, 1.80852, 0.15109],
[3.25702, -4.87796, 1.80852, 0.14868],
[3.50189, -4.77827, 1.80852, 0.14619],
[3.73371, -4.66065, 1.80852, 0.14374],
[3.94882, -4.52182, 1.80852, 0.14156],
[4.14283, -4.35864, 1.80852, 0.14018],
[4.30639, -4.16485, 2.16105, 0.11735],
[4.44691, -3.95088, 2.40173, 0.10659],
[4.56749, -3.7209, 2.61133, 0.09944],
[4.66999, -3.47744, 2.83698, 0.09311],
[4.75608, -3.22252, 3.08447, 0.08723],
[4.82734, -2.95787, 3.35638, 0.08166],
[4.88525, -2.68497, 3.6615, 0.07619],
[4.93127, -2.40516, 4.0, 0.07089],
[4.96694, -2.11969, 4.0, 0.07192],
[4.99372, -1.82965, 4.0, 0.07282],
[5.01323, -1.53609, 4.0, 0.07355],
[5.02699, -1.23993, 4.0, 0.07412],
[5.03632, -0.94186, 4.0, 0.07455],
[5.04194, -0.6429, 4.0, 0.07475],
[5.04409, -0.35098, 4.0, 0.07298],
[5.04318, -0.07649, 4.0, 0.06862],
[5.03962, 0.18347, 4.0, 0.065],
[5.03362, 0.43374, 4.0, 0.06259]]